1774686490321 0.001 1
1774686715802 0.001 2
1774686934621 0.001 3
1774687153014 0.001 4
1774687373697 0.001 5
1774687592225 0.001 6
1774687808255 0.001 7
1774688027444 0.001 8
1774688258800 0.001 9
1774688477408 0.001 10
1774688694474 0.001 11
1774688921216 0.001 12
1774689142931 0.001 13
1774689365330 0.001 14
1774689588172 0.001 15
1774689810929 0.001 16
1774690029903 0.001 17
1774690260610 0.001 18
1774690480664 0.001 19
1774690701187 0.0005 20
1774690921907 0.0005 21
1774691143976 0.0005 22
1774691365803 0.0005 23
1774691587121 0.0005 24
1774691807640 0.0005 25
1774692031092 0.0005 26
1774692253040 0.0005 27
1774692474826 0.00025 28
1774692693630 0.00025 29
1774692911273 0.00025 30
1774693129099 0.00025 31
1774693346608 0.00025 32
1774693565014 0.00025 33
1774693783655 0.00025 34
1774694001204 0.000125 35
1774694218082 0.000125 36
1774694435339 0.000125 37
1774694652692 0.000125 38
1774694870956 0.000125 39
1774695087955 0.000125 40
1774695305615 6.25e-05 41
1774695523520 6.25e-05 42
1774695742297 6.25e-05 43
1774695959958 6.25e-05 44
1774696179731 6.25e-05 45
1774696396408 6.25e-05 46
1774696611087 3.125e-05 47
1774696827071 3.125e-05 48
1774697042879 3.125e-05 49
1774697257961 3.125e-05 50
