1774686490321 0.10977443279325962 1
1774686715802 0.07028496585786342 2
1774686934621 0.06417149399220944 3
1774687153014 0.06037602493911982 4
1774687373697 0.05861853052675724 5
1774687592225 0.055902964115142825 6
1774687808255 0.05409725013375282 7
1774688027444 0.052941049866378306 8
1774688258800 0.04977347228676081 9
1774688477408 0.048128553107380866 10
1774688694474 0.04658404069393873 11
1774688921216 0.045848936334252355 12
1774689142931 0.04514101605862379 13
1774689365330 0.042387727215886115 14
1774689588172 0.042696898184716704 15
1774689810929 0.04197821918874979 16
1774690029903 0.03874316290766001 17
1774690260610 0.0411605186611414 18
1774690480664 0.036954855531454084 19
1774690701187 0.036295484714210034 20
1774690921907 0.033534619837999345 21
1774691143976 0.031364398635923864 22
1774691365803 0.03121892350167036 23
1774691587121 0.030794732712209224 24
1774691807640 0.030063838951289654 25
1774692031092 0.02982588228583336 26
1774692253040 0.029173534095287324 27
1774692474826 0.02901809951663017 28
1774692693630 0.026987665388733147 29
1774692911273 0.026682900670915843 30
1774693129099 0.02633673946931958 31
1774693346608 0.02600928596034646 32
1774693565014 0.026175390619784595 33
1774693783655 0.025871183790266514 34
1774694001204 0.025351855173707007 35
1774694218082 0.024657076004892586 36
1774694435339 0.02438732699677348 37
1774694652692 0.02413616807758808 38
1774694870956 0.024203754965215922 39
1774695087955 0.023758090324699877 40
1774695305615 0.023627658382058145 41
1774695523520 0.02314578924700618 42
1774695742297 0.02320006911084056 43
1774695959958 0.023159889195114376 44
1774696179731 0.02288732358813286 45
1774696396408 0.02287959596142173 46
1774696611087 0.02289064955338836 47
1774696827071 0.022484391301870348 48
1774697042879 0.022656286712735892 49
1774697257961 0.0225235941298306 50
