1774686490321 0.012615265400498173 1
1774686715802 0.001352959710289724 2
1774686934621 0.0007381616091588512 3
1774687153014 0.0006306946107652038 4
1774687373697 0.0005775670431903563 5
1774687592225 0.0005075929668382741 6
1774687808255 0.0004114480410935357 7
1774688027444 0.0003433162014989648 8
1774688258800 0.0003375091592897661 9
1774688477408 0.00034102171717677267 10
1774688694474 0.00030437337633338756 11
1774688921216 0.0002993255601031706 12
1774689142931 0.00026886697992449624 13
1774689365330 0.00027801324191386814 14
1774689588172 0.0002497694089252036 15
1774689810929 0.00025360421795630827 16
1774690029903 0.00022177771950373425 17
1774690260610 0.00027914624428376555 18
1774690480664 0.00021584326615266036 19
1774690701187 0.00021656433833413757 20
1774690921907 0.000188214700188837 21
1774691143976 0.00017781781384837813 22
1774691365803 0.0001698964859970147 23
1774691587121 0.0001674230157659622 24
1774691807640 0.0001623188881931128 25
1774692031092 0.00015439103519020137 26
1774692253040 0.00015632453809666914 27
1774692474826 0.00015495992143405601 28
1774692693630 0.0001398636619123863 29
1774692911273 0.00013364292045298497 30
1774693129099 0.00013326808750571217 31
1774693346608 0.0001273587185278302 32
1774693565014 0.00013107884842611384 33
1774693783655 0.00012526705306663643 34
1774694001204 0.0001267394822643837 35
1774694218082 0.00011867240791616496 36
1774694435339 0.0001197070014604833 37
1774694652692 0.00011329916337854229 38
1774694870956 0.00011368099729588721 39
1774695087955 0.00011098971341561992 40
1774695305615 0.00011263382648758124 41
1774695523520 0.0001084664235386299 42
1774695742297 0.00010823181332671083 43
1774695959958 0.00011099860155081842 44
1774696179731 0.00010627344528620597 45
1774696396408 0.00010606004160945304 46
1774696611087 0.00010742476508312392 47
1774696827071 0.00010484773370262701 48
1774697042879 0.00010526884280261583 49
1774697257961 0.0001052694245154271 50
