1774686490321 0.06750248216837644 1
1774686715802 0.03649544264376164 2
1774686934621 0.03282390857487917 3
1774687153014 0.030818707030266523 4
1774687373697 0.029886832229793072 5
1774687592225 0.028459075018763543 6
1774687808255 0.027460073065012695 7
1774688027444 0.02681384114548564 8
1774688258800 0.025224245309829713 9
1774688477408 0.02440529825538397 10
1774688694474 0.0235963937304914 11
1774688921216 0.0232237937040627 12
1774689142931 0.022839375015348197 13
1774689365330 0.021471876841038465 14
1774689588172 0.021598218496888876 15
1774689810929 0.02124271383881569 16
1774690029903 0.019593359149992468 17
1774690260610 0.02085940556973219 18
1774690480664 0.018693271037191154 19
1774690701187 0.018364306688308716 20
1774690921907 0.01695552460104227 21
1774691143976 0.015860017128288745 22
1774691365803 0.01577935819141567 23
1774691587121 0.01556478937342763 24
1774691807640 0.01519423831626773 25
1774692031092 0.015067332167178392 26
1774692253040 0.014743091572076083 27
1774692474826 0.01466400969773531 28
1774692693630 0.013633696367964148 29
1774692911273 0.013475093267858028 30
1774693129099 0.0133016377966851 31
1774693346608 0.013132001688703895 32
1774693565014 0.013218774162232876 33
1774693783655 0.013060858987271785 34
1774694001204 0.012802667021751403 35
1774694218082 0.012447210431098938 36
1774694435339 0.012313370490446687 37
1774694652692 0.012181383211165667 38
1774694870956 0.012215558459982276 39
1774695087955 0.011990034880116582 40
1774695305615 0.01192646300047636 41
1774695523520 0.011681361027061939 42
1774695742297 0.011708266343921423 43
1774695959958 0.011690943172201514 44
1774696179731 0.011549935238435864 45
1774696396408 0.01154585804976523 46
1774696611087 0.011552749535068869 47
1774696827071 0.011347043389454484 48
1774697042879 0.011433412225916982 49
1774697257961 0.011367066532373429 50
